2000000000000000000 0
-2000000000000000000 0
0 1000000000000000000
0 -1000000000000000000
1200000000000000000 800000000000000000
1200000000000000000 -800000000000000000
-1200000000000000000 800000000000000000
-1200000000000000000 -800000000000000000
1600000000000000000 600000000000000000
1600000000000000000 -600000000000000000
-1600000000000000000 600000000000000000
-1600000000000000000 -600000000000000000
0 0
500000000000000000 0
0 500000000000000000
-500000000000000000 0
0 -500000000000000000
1000000000000000000 0
0 800000000000000000
-1000000000000000000 0
0 -800000000000000000
1500000000000000000 0
0 900000000000000000
1800000000000000000 0
500000000000000000 500000000000000000
-500000000000000000 500000000000000000
500000000000000000 -500000000000000000
-500000000000000000 -500000000000000000
1000000000000000000 500000000000000000
-1000000000000000000 500000000000000000
1000000000000000000 -500000000000000000
-1000000000000000000 -500000000000000000
1500000000000000000 300000000000000000
-1500000000000000000 300000000000000000
1500000000000000000 -300000000000000000
-1500000000000000000 -300000000000000000
1000000000000000000 800000000000000000
-1000000000000000000 800000000000000000
1000000000000000000 -800000000000000000
-1000000000000000000 -800000000000000000
500000000000000000 800000000000000000
-500000000000000000 800000000000000000
500000000000000000 -800000000000000000
-500000000000000000 -800000000000000000
1800000000000000000 200000000000000000
-1800000000000000000 200000000000000000
1800000000000000000 -200000000000000000
-1800000000000000000 -200000000000000000
1800000000000000000 300000000000000000
-1800000000000000000 300000000000000000
1800000000000000000 -300000000000000000
-1800000000000000000 -300000000000000000
200000000000000000 900000000000000000
-200000000000000000 900000000000000000
200000000000000000 -900000000000000000
-200000000000000000 -900000000000000000
2000000000000000000 100000000000000000
2000000000000000000 200000000000000000
2000000000000000000 300000000000000000
2000000000000000000 500000000000000000
2000000000000000000 800000000000000000
2000000000000000000 1000000000000000000
2000000000000000000 -100000000000000000
2000000000000000000 -500000000000000000
-2000000000000000000 100000000000000000
-2000000000000000000 -100000000000000000
1500000000000000000 800000000000000000
1500000000000000000 900000000000000000
1500000000000000000 1000000000000000000
-1500000000000000000 800000000000000000
-1500000000000000000 1000000000000000000
1000000000000000000 900000000000000000
-1000000000000000000 900000000000000000
1000000000000000000 1000000000000000000
-1000000000000000000 1000000000000000000
1000000000000000000 -900000000000000000
1000000000000000000 -1000000000000000000
900000000000000000 900000000000000000
-900000000000000000 900000000000000000
900000000000000000 -900000000000000000
-900000000000000000 -900000000000000000
1900000000000000000 400000000000000000
-1900000000000000000 400000000000000000
1900000000000000000 500000000000000000
-1900000000000000000 500000000000000000
1900000000000000000 1000000000000000000
1600000000000000000 800000000000000000
1600000000000000000 1000000000000000000
-1600000000000000000 800000000000000000
1200000000000000000 900000000000000000
-1200000000000000000 900000000000000000
1200000000000000000 1000000000000000000
-1200000000000000000 1000000000000000000
1700000000000000000 900000000000000000
-1700000000000000000 900000000000000000
1300000000000000000 900000000000000000
-1300000000000000000 900000000000000000
1400000000000000000 800000000000000000
-1400000000000000000 800000000000000000
1100000000000000000 1000000000000000000